13

12 7 15 11 8 6 1 5.3 1 8 2 0 0
8 9 0 0 2 1 1 15 1 4 1 1 13
0 1 1 1 4 1 16 6 6 0 6 12 1
1 8 0 0 0 18 16 1 1 16 4 8 8
1 4 1 12 1 1 22 10 19 0 0 18 18
12 1 6 0 0 16 12 6 18 1 1 4 22
8 0 1 1 1 14 1 22 0 1 18 1 0
1 6 12 1 1 0 0 0 4 17 1 16 1
1 1 1 1 18 1 1 4 8 1 1 1 1
14 1 6 20 1 1 22 1 12 0 0 1 1
8 1 22 22 0 18 1 18 1 8 1 0 1
1 24 1 8 6 1 1 14 0 1 1 12 0
26 1 14 12 4 12 0 0 1 8 4 22 1


10 22 8 20 16 6 24 14 26 12 4 18 2

30
0.00001

Output: S =~ {( 0.45505611 ; -0.00450628 ; -1.59798254 ; 0.21474765 ; 0.72587728 ; -0.26720792 ; -0.21661733 ; -0.14727987 ; 1.0643508 ; -0.54098775 ; 1.11678376 ; 1.8943133 ; -0.04699951 )}
