11

21 1 -4 -1 1.5 9 1 -17 6 0 0
1 0 0 1 0 1 0 -1 -9 4 1
0 1 1 3 -6 1 1 1 1 -4 0
22 1 0 1 -5 0 1 1 1 1 -6
0 1 0 0 1 1 0 7 1 1 0
1 0 1 1 -3 1 1 1 0 1 1
14 -4 2.5 1 1 1 1 0 1 1 1
0 1 0 0 1 1 1 1 1 1 1
25 1 0 1 1 9 0 0 -1 -1 6
0 0 0 0 1 0 1 -3 1 1 9
-42 2 -8 -2 3 18 2 -34 12 0 0

-37 109 64 12 -86 33.5 99 53 -31 15 -74

30
0.00001

Output: S =~ {( 0 ; -81.1731888 ; -82.12736672 ; -80.46272664 ; -3.54294036 ; -133.86776098 ; -12.69629658 ; 8.11060103 ; 266.6215377 ; 20.67976622 ; -64.53675257 )}
